[0m           [0m[38;2;57;39;35m▄[38;2;41;27;27m[48;2;68;47;43m▄[38;2;42;30;30m[48;2;51;33;30m▄[38;2;25;16;17m[48;2;37;23;21m▄[38;2;21;12;13m[48;2;32;17;16m▄[38;2;18;8;8m[48;2;27;14;13m▄[38;2;19;7;7m[48;2;39;24;23m▄[38;2;31;15;13m[48;2;36;22;19m▄[38;2;54;35;30m[48;2;31;16;13m▄[38;2;33;19;17m[48;2;51;32;28m▄[38;2;13;4;4m[48;2;50;31;28m▄[38;2;13;5;6m[48;2;35;20;19m▄[38;2;13;6;7m[48;2;26;14;13m▄[38;2;16;8;9m[48;2;23;12;12m▄[38;2;19;11;12m[48;2;31;19;18m▄[38;2;13;6;8m[48;2;38;24;23m▄[38;2;14;7;9m[48;2;42;28;26m▄[38;2;20;12;14m[48;2;49;34;31m▄[38;2;27;17;18m[48;2;58;40;37m▄[0m[38;2;34;23;23m▄[0m[38;2;41;27;26m▄[0m[38;2;50;33;28m▄[0m[38;2;71;51;43m▄[0m                          [0m
[0m      [0m[38;2;61;42;36m▄[0m[38;2;29;16;14m▄[38;2;13;4;5m[48;2;47;30;26m▄[38;2;21;12;13m[48;2;38;22;20m▄[38;2;29;20;21m[48;2;31;17;16m▄[38;2;24;15;15m[48;2;32;20;20m▄[38;2;27;10;8m[48;2;26;17;18m▄[38;2;79;50;38m[48;2;21;12;14m▄[38;2;142;102;79m[48;2;31;17;15m▄[38;2;164;122;96m[48;2;50;27;21m▄[38;2;171;130;102m[48;2;58;33;25m▄[38;2;193;158;129m[48;2;81;50;36m▄[38;2;208;177;149m[48;2;128;91;70m▄[38;2;109;73;57m[48;2;90;59;46m▄[38;2;31;11;8m[48;2;19;6;5m▄[38;2;25;11;10m[48;2;15;6;6m▄[38;2;16;7;7m[48;2;16;7;8m▄[38;2;13;6;7m[48;2;12;6;7m▄[38;2;13;7;8m[48;2;12;5;7m▄[38;2;17;9;11m[48;2;15;8;9m▄[38;2;27;18;19m[48;2;18;11;13m▄[38;2;39;29;31m[48;2;27;19;21m▄[38;2;39;29;30m[48;2;36;27;29m▄[38;2;34;25;26m[48;2;32;24;26m▄[38;2;24;16;18m[48;2;20;12;15m▄[38;2;13;7;9m[48;2;12;6;9m▄[38;2;10;4;7m[48;2;15;7;8m▄[38;2;11;5;6m[48;2;31;17;15m▄[38;2;13;5;6m[48;2;51;33;29m▄[38;2;23;13;14m[48;2;64;46;40m▄[0m[38;2;26;15;15m▄[0m[38;2;39;25;24m▄[0m[38;2;48;33;29m▄[0m[38;2;61;43;37m▄[0m                    [0m
[0m     [0m[38;2;45;28;25m▄[38;2;14;5;5m[48;2;26;13;11m▄[38;2;22;14;15m[48;2;5;0;0m▄[38;2;33;22;23m[48;2;16;9;10m▄[38;2;10;2;3m[48;2;30;20;21m▄[38;2;35;14;8m[48;2;16;6;7m▄[38;2;141;104;82m[48;2;36;16;11m▄[38;2;195;163;135m[48;2;130;94;74m▄[38;2;202;176;149m[48;2;187;152;125m▄[38;2;215;192;166m[48;2;197;164;136m▄[38;2;222;201;174m[48;2;212;184;157m▄[38;2;228;207;182m[48;2;217;191;164m▄[38;2;229;210;185m[48;2;227;207;182m▄[38;2;229;209;184m[48;2;226;203;178m▄[38;2;213;184;157m[48;2;152;116;94m▄[38;2;139;97;77m[48;2;45;16;10m▄[38;2;72;38;29m[48;2;31;14;12m▄[38;2;42;20;18m[48;2;20;10;10m▄[38;2;30;16;16m[48;2;16;8;8m▄[38;2;20;10;10m[48;2;19;11;12m▄[38;2;19;10;11m[48;2;19;10;12m▄[38;2;21;12;12m[48;2;18;10;11m▄[38;2;28;18;18m[48;2;20;12;13m▄[38;2;40;28;28m[48;2;20;12;13m▄[38;2;41;30;31m[48;2;25;17;18m▄[38;2;24;15;17m[48;2;17;10;12m▄[38;2;24;15;17m[48;2;13;7;9m▄[38;2;20;13;15m[48;2;14;7;9m▄[38;2;13;6;9m[48;2;15;8;11m▄[38;2;16;9;11m[48;2;14;7;10m▄[38;2;15;8;11m[48;2;18;11;14m▄[38;2;16;9;12m[48;2;13;7;11m▄[38;2;25;16;19m[48;2;16;8;11m▄[38;2;21;14;16m[48;2;22;13;15m▄[38;2;29;20;23m[48;2;35;23;23m▄[38;2;24;16;19m[48;2;38;25;23m▄[38;2;28;17;17m[48;2;65;46;40m▄[0m[38;2;64;45;38m▄[0m                 [0m
[0m    [0m[38;2;37;22;20m▄[38;2;18;9;11m[48;2;34;20;18m▄[38;2;29;19;21m[48;2;24;16;18m▄[38;2;12;4;5m[48;2;31;21;23m▄[38;2;14;1;0m[48;2;15;7;7m▄[38;2;85;51;38m[48;2;24;6;3m▄[38;2;168;130;106m[48;2;120;84;65m▄[38;2;192;160;136m[48;2;189;154;126m▄[38;2;201;173;150m[48;2;198;169;143m▄[38;2;211;186;165m[48;2;210;185;160m▄[38;2;220;199;178m[48;2;218;196;172m▄[38;2;226;207;186m[48;2;224;204;181m▄[38;2;229;209;188m[48;2;228;208;184m▄[38;2;231;212;190m[48;2;231;212;188m▄[38;2;232;213;191m[48;2;231;213;189m▄[38;2;232;214;191m[48;2;230;211;187m▄[38;2;232;215;192m[48;2;223;197;171m▄[38;2;234;215;191m[48;2;190;154;129m▄[38;2;226;201;175m[48;2;133;96;78m▄[38;2;193;158;132m[48;2;90;58;48m▄[38;2;146;105;85m[48;2;61;38;33m▄[38;2;90;59;50m[48;2;28;14;13m▄[38;2;30;15;13m[48;2;26;14;13m▄[38;2;29;16;14m[48;2;35;23;21m▄[38;2;23;13;13m[48;2;44;32;30m▄[38;2;21;12;13m[48;2;39;27;27m▄[38;2;16;8;11m[48;2;20;12;13m▄[38;2;10;4;6m[48;2;17;9;11m▄[38;2;13;6;8m[48;2;17;10;12m▄[38;2;12;5;7m[48;2;13;7;9m▄[38;2;12;6;7m[48;2;12;6;8m▄[38;2;19;11;12m[48;2;14;7;10m▄[38;2;35;25;26m[48;2;22;14;16m▄[38;2;29;19;21m[48;2;24;16;18m▄[38;2;18;10;12m[48;2;20;12;15m▄[38;2;22;14;16m[48;2;16;9;12m▄[38;2;22;14;15m[48;2;15;9;12m▄[38;2;21;12;13m[48;2;15;8;9m▄[38;2;21;11;11m[48;2;46;30;28m▄[38;2;57;39;36m[48;2;66;47;40m▄[0m   [0m[38;2;81;56;46m▄[0m[38;2;74;51;42m▄[0m           [0m
[0m   [38;2;44;29;26m[48;2;51;31;28m▄[38;2;10;2;3m[48;2;18;8;8m▄[38;2;15;8;9m[48;2;25;16;18m▄[38;2;17;9;10m[48;2;16;8;9m▄[38;2;17;6;6m[48;2;16;6;5m▄[38;2;54;25;16m[48;2;40;17;11m▄[38;2;147;107;84m[48;2;122;83;63m▄[38;2;184;148;124m[48;2;178;141;117m▄[38;2;193;161;140m[48;2;193;161;139m▄[38;2;202;172;153m[48;2;203;174;154m▄[38;2;208;181;162m[48;2;210;185;165m▄[38;2;216;192;174m[48;2;219;197;178m▄[38;2;220;198;179m[48;2;224;204;185m▄[38;2;222;201;181m[48;2;227;208;188m▄[38;2;224;203;183m[48;2;229;210;189m▄[38;2;225;204;181m[48;2;229;210;188m▄[38;2;226;204;180m[48;2;230;212;189m▄[38;2;229;209;185m[48;2;232;214;190m▄[38;2;231;213;188m[48;2;231;213;189m▄[38;2;232;214;189m[48;2;233;215;191m▄[38;2;232;214;190m[48;2;233;214;189m▄[38;2;227;206;183m[48;2;202;170;142m▄[38;2;181;142;116m[48;2;143;103;83m▄[38;2;139;97;76m[48;2;65;37;31m▄[38;2;76;45;35m[48;2;32;16;14m▄[38;2;35;18;16m[48;2;29;18;17m▄[38;2;26;15;15m[48;2;23;14;15m▄[38;2;25;15;16m[48;2;16;9;11m▄[38;2;18;9;11m[48;2;17;9;11m▄[38;2;11;5;6m[48;2;15;8;10m▄[38;2;11;5;6m[48;2;13;7;8m▄[38;2;11;4;5m[48;2;18;10;11m▄[38;2;13;6;7m[48;2;19;10;11m▄[38;2;13;5;6m[48;2;22;13;14m▄[38;2;22;12;12m[48;2;23;14;15m▄[38;2;24;14;15m[48;2;17;9;11m▄[38;2;18;10;11m[48;2;18;11;12m▄[38;2;12;6;7m[48;2;19;11;12m▄[38;2;10;4;5m[48;2;22;13;14m▄[38;2;12;6;7m[48;2;10;3;4m▄[38;2;17;9;9m[48;2;31;19;17m▄[38;2;48;31;28m[48;2;76;54;47m▄[38;2;30;18;16m[48;2;63;43;35m▄[38;2;16;6;5m[48;2;48;29;25m▄[38;2;7;1;1m[48;2;39;22;19m▄[38;2;22;12;11m[48;2;42;22;19m▄[38;2;32;18;17m[48;2;58;34;29m▄[38;2;39;23;20m[48;2;69;46;39m▄[0m[38;2;66;44;38m▄[0m[38;2;85;61;52m▄[0m       [0m
[0m   [0m[38;2;53;37;32m▀[38;2;34;19;18m[48;2;18;8;8m▄[38;2;19;9;10m[48;2;17;10;11m▄[38;2;17;8;8m[48;2;11;5;6m▄[38;2;27;11;7m[48;2;14;3;2m▄[38;2;76;44;32m[48;2;102;67;51m▄[38;2;80;48;36m[48;2;168;127;103m▄[38;2;88;55;42m[48;2;184;145;122m▄[38;2;109;73;57m[48;2;195;158;137m▄[38;2;158;120;101m[48;2;198;165;146m▄[38;2;191;159;142m[48;2;202;173;155m▄[38;2;202;174;158m[48;2;210;184;166m▄[38;2;209;184;167m[48;2;217;193;175m▄[38;2;211;187;168m[48;2;219;196;177m▄[38;2;211;186;167m[48;2;221;198;178m▄[38;2;209;184;163m[48;2;221;198;177m▄[38;2;207;180;158m[48;2;223;199;175m▄[38;2;207;180;157m[48;2;226;204;180m▄[38;2;209;182;159m[48;2;229;209;184m▄[38;2;213;188;166m[48;2;231;213;188m▄[38;2;216;192;170m[48;2;231;212;189m▄[38;2;220;198;176m[48;2;230;210;187m▄[38;2;223;201;179m[48;2;214;185;159m▄[38;2;212;184;158m[48;2;190;146;114m▄[38;2;181;141;113m[48;2;161;113;86m▄[38;2;140;96;76m[48;2;83;48;37m▄[38;2;133;89;74m[48;2;48;26;22m▄[38;2;87;55;47m[48;2;27;13;13m▄[38;2;11;2;3m[48;2;13;6;7m▄[38;2;15;7;8m[48;2;18;10;11m▄[38;2;12;5;6m[48;2;6;1;3m▄[38;2;9;4;5m[48;2;10;4;5m▄[38;2;16;8;9m[48;2;16;8;9m▄[38;2;22;13;14m[48;2;25;15;15m▄[38;2;24;14;15m[48;2;31;20;20m▄[38;2;24;15;15m[48;2;28;18;18m▄[38;2;19;11;12m[48;2;24;15;15m▄[38;2;17;9;11m[48;2;17;9;11m▄[38;2;18;11;12m[48;2;10;4;5m▄[38;2;12;6;7m[48;2;14;7;8m▄[38;2;13;7;8m[48;2;13;6;7m▄[38;2;19;12;12m[48;2;22;13;13m▄[38;2;24;14;14m[48;2;26;16;16m▄[38;2;37;26;26m[48;2;28;18;18m▄[38;2;37;28;28m[48;2;14;7;7m▄[38;2;19;11;11m[48;2;8;3;3m▄[38;2;24;13;12m[48;2;28;16;14m▄[38;2;16;7;6m[48;2;33;19;17m▄[38;2;18;9;9m[48;2;50;30;28m▄[38;2;28;15;15m[48;2;57;34;30m▄[38;2;31;17;16m[48;2;55;34;28m▄[38;2;61;42;37m[48;2;89;66;55m▄[0m[38;2;112;85;72m▄[0m    [0m
[0m   [0m[38;2;21;16;14m▄[38;2;9;1;0m[48;2;58;39;34m▄[38;2;12;5;4m[48;2;23;10;9m▄[38;2;0;0;0m[48;2;17;7;6m▄[38;2;27;14;10m[48;2;35;15;10m▄[38;2;73;50;39m[48;2;95;58;42m▄[38;2;84;62;49m[48;2;123;83;63m▄[38;2;94;72;58m[48;2;128;88;68m▄[38;2;99;77;61m[48;2;103;65;46m▄[38;2;74;51;37m[48;2;99;56;38m▄[38;2;66;42;29m[48;2;167;125;102m▄[38;2;97;80;68m[48;2;212;179;158m▄[38;2;94;82;72m[48;2;225;195;173m▄[38;2;103;90;79m[48;2;223;195;173m▄[38;2;101;85;73m[48;2;216;185;164m▄[38;2;83;64;52m[48;2;196;158;135m▄[38;2;94;74;62m[48;2;168;124;101m▄[38;2;77;57;43m[48;2;154;108;85m▄[38;2;99;80;66m[48;2;145;99;76m▄[38;2;104;88;74m[48;2;156;112;88m▄[38;2;103;86;73m[48;2;166;123;98m▄[38;2;95;76;62m[48;2;181;140;113m▄[38;2;85;63;48m[48;2;194;156;129m▄[38;2;88;64;50m[48;2;209;172;144m▄[38;2;89;65;51m[48;2;189;146;116m▄[38;2;82;51;38m[48;2;157;109;85m▄[38;2;89;50;40m[48;2;123;80;63m▄[38;2;78;46;40m[48;2;67;37;31m▄[38;2;58;33;30m[48;2;38;20;19m▄[38;2;27;13;14m[48;2;29;16;17m▄[38;2;22;12;14m[48;2;14;6;7m▄[38;2;12;5;7m[48;2;8;3;4m▄[38;2;10;4;5m[48;2;13;6;7m▄[38;2;11;4;5m[48;2;13;6;6m▄[38;2;19;10;11m[48;2;20;10;11m▄[38;2;18;10;10m[48;2;23;13;14m▄[38;2;24;15;16m[48;2;22;13;14m▄[38;2;25;16;17m[48;2;22;13;15m▄[38;2;19;11;12m[48;2;23;14;16m▄[38;2;25;16;17m[48;2;20;13;14m▄[38;2;19;12;12m[48;2;15;8;9m▄[38;2;19;12;13m[48;2;17;10;11m▄[38;2;12;5;6m[48;2;21;13;13m▄[38;2;13;6;6m[48;2;18;8;9m▄[38;2;28;17;17m[48;2;36;27;27m▄[38;2;54;45;45m[48;2;36;29;29m▄[38;2;8;2;2m[48;2;7;3;3m▄[38;2;9;2;1m[48;2;18;10;10m▄[38;2;20;11;11m[48;2;14;7;7m▄[38;2;47;33;32m[48;2;19;10;10m▄[38;2;34;21;21m[48;2;23;13;13m▄[38;2;44;29;26m[48;2;40;25;23m▄[0m[38;2;80;58;49m▀[0m    [0m
[0m  [0m[38;2;1;1;0m▀[38;2;7;8;8m[48;2;12;12;12m▄[38;2;86;85;85m[48;2;119;120;120m▄[38;2;159;158;158m[48;2;9;10;10m▄[38;2;99;99;99m[48;2;114;114;114m▄[38;2;155;154;153m[48;2;6;8;9m▄[38;2;37;36;35m[48;2;0;0;0m▄[38;2;4;3;2m[48;2;0;0;0m▄[38;2;5;4;4m[48;2;0;0;0m▄[38;2;4;3;3m[48;2;0;0;0m▄[38;2;5;4;3m[48;2;0;0;0m▄[38;2;0;0;0m[48;2;0;0;0m▄[38;2;107;89;73m[48;2;35;26;19m▄[38;2;255;239;209m[48;2;114;97;81m▄[38;2;138;121;106m[48;2;43;37;31m▄[38;2;24;25;25m[48;2;27;30;32m▄[38;2;122;121;120m[48;2;90;92;93m▄[38;2;153;152;151m[48;2;9;12;14m▄[38;2;104;103;102m[48;2;105;107;109m▄[38;2;153;152;151m[48;2;0;0;0m▄[38;2;10;10;9m[48;2;0;0;0m▄[38;2;4;4;3m[48;2;0;0;0m▄[38;2;5;4;4m[48;2;0;0;0m▄[38;2;3;2;2m[48;2;0;0;0m▄[38;2;0;0;0m[48;2;0;0;0m▄[38;2;47;32;21m[48;2;0;0;0m▄[38;2;120;81;60m[48;2;23;13;10m▄[38;2;106;63;49m[48;2;116;74;60m▄[38;2;69;37;30m[48;2;112;73;62m▄[38;2;51;24;20m[48;2;53;26;23m▄[38;2;56;28;24m[48;2;38;18;16m▄[38;2;35;18;17m[48;2;32;18;18m▄[38;2;9;3;4m[48;2;15;7;9m▄[38;2;13;6;7m[48;2;11;5;5m▄[38;2;16;8;8m[48;2;14;6;7m▄[38;2;14;6;6m[48;2;16;8;9m▄[38;2;15;8;8m[48;2;22;13;14m▄[38;2;13;6;6m[48;2;27;17;17m▄[38;2;20;11;11m[48;2;29;19;19m▄[38;2;25;16;16m[48;2;23;15;15m▄[38;2;22;13;13m[48;2;28;18;19m▄[38;2;15;8;8m[48;2;26;17;17m▄[38;2;17;9;9m[48;2;25;16;16m▄[38;2;16;8;8m[48;2;14;7;8m▄[38;2;16;8;9m[48;2;18;10;11m▄[38;2;13;6;6m[48;2;22;11;12m▄[38;2;37;28;28m[48;2;51;39;39m▄[38;2;52;42;42m[48;2;32;23;22m▄[38;2;25;18;18m[48;2;52;42;42m▄[38;2;10;4;4m[48;2;52;39;38m▄[38;2;9;2;2m[48;2;42;29;28m▄[38;2;16;7;6m[48;2;46;32;31m▄[38;2;47;31;28m[48;2;65;47;42m▄[0m[38;2;96;70;61m▄[0m    [0m
[0m   [0m[38;2;57;42;35m▀[38;2;81;60;49m[48;2;0;0;0m▄[38;2;2;0;0m[48;2;53;53;54m▄[38;2;34;32;30m[48;2;146;145;145m▄[38;2;5;1;0m[48;2;68;69;69m▄[38;2;40;36;34m[48;2;151;151;151m▄[38;2;28;25;23m[48;2;39;40;40m▄[38;2;23;19;17m[48;2;0;0;0m▄[38;2;25;21;19m[48;2;0;0;0m▄[38;2;89;54;38m[48;2;4;3;3m▄[38;2;179;134;105m[48;2;84;57;40m▄[38;2;238;215;191m[48;2;204;177;152m▄[38;2;224;201;180m[48;2;227;206;185m▄[38;2;226;201;178m[48;2;211;187;166m▄[38;2;233;210;186m[48;2;123;110;97m▄[38;2;151;137;122m[48;2;6;6;6m▄[38;2;24;23;20m[48;2;86;86;86m▄[38;2;51;48;46m[48;2;131;130;131m▄[38;2;17;14;12m[48;2;65;65;65m▄[38;2;51;49;47m[48;2;153;153;153m▄[38;2;31;28;26m[48;2;8;8;9m▄[38;2;25;23;21m[48;2;0;0;0m▄[38;2;117;105;93m[48;2;3;3;2m▄[38;2;226;200;174m[48;2;100;86;73m▄[38;2;196;155;124m[48;2;174;133;104m▄[38;2;164;118;91m[48;2;157;109;82m▄[38;2;139;93;73m[48;2;164;119;94m▄[38;2;127;84;69m[48;2;134;91;74m▄[38;2;89;53;46m[48;2;79;43;36m▄[38;2;44;21;17m[48;2;51;25;19m▄[38;2;22;8;6m[48;2;20;7;6m▄[38;2;11;3;3m[48;2;10;3;4m▄[38;2;12;5;5m[48;2;13;5;6m▄[38;2;13;5;6m[48;2;13;5;6m▄[38;2;16;8;9m[48;2;17;8;8m▄[38;2;19;10;11m[48;2;16;8;8m▄[38;2;20;11;11m[48;2;20;10;10m▄[38;2;18;9;10m[48;2;23;13;13m▄[38;2;16;8;9m[48;2;26;16;16m▄[38;2;11;5;5m[48;2;16;8;8m▄[38;2;13;5;5m[48;2;15;8;7m▄[38;2;7;2;2m[48;2;15;7;7m▄[38;2;11;5;4m[48;2;10;3;3m▄[38;2;17;9;8m[48;2;19;10;9m▄[38;2;16;8;8m[48;2;11;4;5m▄[38;2;10;3;3m[48;2;21;12;12m▄[38;2;45;37;36m[48;2;43;34;33m▄[38;2;25;16;15m[48;2;3;0;0m▄[38;2;30;18;18m[48;2;14;6;6m▄[38;2;35;21;21m[48;2;21;11;10m▄[38;2;35;22;21m[48;2;15;7;6m▄[38;2;19;11;11m[48;2;26;15;15m▄[38;2;31;17;16m[48;2;72;50;45m▄[38;2;82;61;52m[48;2;100;76;64m▄[0m   [0m
[0m     [38;2;123;92;74m[48;2;99;72;58m▄[0m[38;2;84;56;45m▀[38;2;112;73;59m[48;2;103;67;53m▄[38;2;161;120;97m[48;2;144;110;92m▄[38;2;189;156;132m[48;2;173;144;124m▄[38;2;200;169;146m[48;2;188;161;140m▄[38;2;167;121;97m[48;2;179;146;124m▄[38;2;178;134;107m[48;2;145;90;63m▄[38;2;231;208;185m[48;2;212;180;153m▄[38;2;225;202;180m[48;2;231;210;188m▄[38;2;226;203;181m[48;2;225;202;179m▄[38;2;229;207;184m[48;2;226;203;180m▄[38;2;229;207;183m[48;2;230;208;183m▄[38;2;230;209;185m[48;2;234;213;188m▄[38;2;235;215;192m[48;2;219;201;180m▄[38;2;236;215;193m[48;2;211;193;172m▄[38;2;235;213;191m[48;2;217;198;177m▄[38;2;236;214;192m[48;2;211;192;172m▄[38;2;236;215;192m[48;2;218;200;179m▄[38;2;237;216;193m[48;2;221;203;181m▄[38;2;232;210;187m[48;2;228;207;183m▄[38;2;227;201;176m[48;2;229;205;181m▄[38;2;216;183;155m[48;2;210;176;148m▄[38;2;160;110;81m[48;2;162;115;88m▄[38;2;152;104;82m[48;2;144;98;77m▄[38;2;91;53;42m[48;2;120;77;64m▄[38;2;86;48;36m[48;2;60;29;24m▄[38;2;101;60;46m[48;2;38;15;12m▄[38;2;50;21;17m[48;2;29;11;9m▄[38;2;32;13;12m[48;2;20;9;9m▄[38;2;21;9;8m[48;2;18;8;8m▄[38;2;19;8;8m[48;2;11;4;4m▄[38;2;11;4;3m[48;2;17;8;9m▄[38;2;17;8;8m[48;2;19;10;10m▄[38;2;24;14;13m[48;2;20;11;11m▄[38;2;32;20;19m[48;2;21;12;12m▄[38;2;18;8;8m[48;2;17;9;10m▄[38;2;16;7;7m[48;2;19;10;11m▄[38;2;17;7;6m[48;2;12;5;5m▄[38;2;13;5;5m[48;2;8;2;2m▄[38;2;9;3;2m[48;2;13;6;5m▄[38;2;16;8;7m[48;2;16;8;7m▄[38;2;17;8;9m[48;2;13;6;7m▄[38;2;8;2;2m[48;2;9;3;3m▄[38;2;38;28;28m[48;2;47;36;36m▄[38;2;50;39;39m[48;2;36;26;26m▄[38;2;18;8;8m[48;2;27;15;15m▄[38;2;29;18;17m[48;2;36;23;22m▄[38;2;28;16;15m[48;2;33;21;20m▄[38;2;15;7;7m[48;2;30;18;18m▄[38;2;55;39;35m[48;2;38;25;22m▄[0m[38;2;98;76;65m▀[0m   [0m
[0m     [0m[38;2;136;106;87m▀[0m[38;2;129;101;82m▀[38;2;110;74;60m[48;2;110;73;58m▄[38;2;149;104;82m[48;2;156;113;90m▄[38;2;186;144;116m[48;2;188;151;126m▄[38;2;173;131;105m[48;2;189;151;126m▄[38;2;159;111;87m[48;2;175;131;106m▄[38;2;223;187;161m[48;2;221;194;171m▄[38;2;209;172;149m[48;2;236;216;196m▄[38;2;175;132;111m[48;2;233;212;190m▄[38;2;178;134;110m[48;2;232;210;189m▄[38;2;203;162;134m[48;2;226;203;180m▄[38;2;223;194;168m[48;2;227;204;180m▄[38;2;222;193;166m[48;2;227;203;179m▄[38;2;222;192;165m[48;2;227;202;177m▄[38;2;223;193;167m[48;2;227;203;179m▄[38;2;226;197;172m[48;2;229;205;181m▄[38;2;227;198;173m[48;2;230;206;183m▄[38;2;226;197;172m[48;2;230;207;184m▄[38;2;225;195;171m[48;2;229;205;181m▄[38;2;224;193;167m[48;2;226;200;175m▄[38;2;220;189;163m[48;2;224;194;168m▄[38;2;220;190;165m[48;2;212;177;149m▄[38;2;187;146;119m[48;2;168;118;87m▄[38;2;151;101;75m[48;2;164;115;90m▄[38;2;150;99;74m[48;2;110;64;49m▄[38;2;148;92;66m[48;2;125;73;52m▄[38;2;124;63;44m[48;2;139;83;60m▄[38;2;146;85;67m[48;2;84;32;24m▄[38;2;126;63;48m[48;2;70;28;22m▄[38;2;76;34;27m[48;2;39;17;15m▄[38;2;19;8;7m[48;2;32;17;16m▄[38;2;15;7;6m[48;2;22;11;10m▄[38;2;16;7;7m[48;2;21;11;11m▄[38;2;15;6;6m[48;2;26;14;13m▄[38;2;15;7;7m[48;2;18;8;7m▄[38;2;12;5;5m[48;2;12;4;4m▄[38;2;17;8;8m[48;2;14;5;4m▄[38;2;22;12;12m[48;2;16;6;6m▄[38;2;13;5;5m[48;2;14;5;5m▄[38;2;14;7;6m[48;2;20;11;10m▄[38;2;6;2;2m[48;2;12;6;5m▄[38;2;7;3;3m[48;2;5;1;1m▄[38;2;12;5;4m[48;2;6;1;1m▄[38;2;24;13;12m[48;2;30;19;19m▄[38;2;33;21;20m[48;2;36;26;25m▄[38;2;8;2;2m[48;2;11;3;3m▄[38;2;15;7;7m[48;2;27;15;15m▄[38;2;21;11;11m[48;2;32;19;18m▄[38;2;13;4;5m[48;2;11;4;4m▄[38;2;57;40;36m[48;2;48;33;30m▄[0m    [0m
[0m        [38;2;119;80;64m[48;2;135;91;71m▄[38;2;153;106;82m[48;2;174;129;102m▄[38;2;179;137;110m[48;2;182;140;112m▄[38;2;139;97;75m[48;2;101;52;35m▄[38;2;93;56;40m[48;2;100;51;36m▄[38;2;164;130;107m[48;2;117;62;43m▄[38;2;216;189;164m[48;2;141;89;67m▄[38;2;238;220;199m[48;2;162;115;92m▄[38;2;228;207;186m[48;2;209;173;147m▄[38;2;224;201;178m[48;2;221;193;168m▄[38;2;219;190;164m[48;2;219;186;158m▄[38;2;217;183;154m[48;2;220;185;156m▄[38;2;219;185;157m[48;2;220;185;158m▄[38;2;220;188;161m[48;2;221;188;162m▄[38;2;221;189;163m[48;2;223;190;163m▄[38;2;221;189;165m[48;2;222;189;164m▄[38;2;221;190;167m[48;2;222;189;164m▄[38;2;222;193;171m[48;2;222;189;165m▄[38;2;220;193;173m[48;2;220;191;168m▄[38;2;218;191;171m[48;2;218;190;167m▄[38;2;221;196;175m[48;2;218;189;164m▄[38;2;191;151;122m[48;2;199;157;126m▄[38;2;166;118;87m[48;2;205;161;128m▄[38;2;169;121;96m[48;2;213;171;142m▄[38;2;117;68;51m[48;2;192;136;108m▄[38;2;41;16;12m[48;2;158;98;76m▄[38;2;16;5;5m[48;2;111;61;48m▄[38;2;9;3;4m[48;2;44;20;16m▄[38;2;10;3;3m[48;2;6;0;0m▄[38;2;15;7;6m[48;2;10;3;3m▄[38;2;12;5;5m[48;2;12;5;5m▄[38;2;5;1;2m[48;2;6;2;2m▄[38;2;7;2;3m[48;2;10;5;5m▄[38;2;8;2;3m[48;2;10;4;4m▄[38;2;5;1;1m[48;2;11;5;6m▄[38;2;3;0;0m[48;2;15;8;8m▄[38;2;2;0;0m[48;2;12;6;6m▄[38;2;10;4;4m[48;2;11;5;4m▄[38;2;6;2;2m[48;2;8;3;2m▄[38;2;10;4;4m[48;2;8;3;3m▄[38;2;9;3;3m[48;2;9;3;3m▄[38;2;8;1;1m[48;2;21;12;11m▄[38;2;38;21;18m[48;2;36;23;21m▄[38;2;57;38;34m[48;2;11;1;1m▄[38;2;62;42;38m[48;2;18;7;7m▄[38;2;97;74;66m[48;2;48;31;29m▄[0m[38;2;56;39;34m▀[0m[38;2;94;71;64m▀[0m    [0m
[0m        [0m[38;2;118;81;67m▀[38;2;121;77;62m[48;2;143;95;75m▄[38;2;147;100;77m[48;2;165;123;99m▄[38;2;143;93;73m[48;2;153;110;88m▄[38;2;110;56;49m[48;2;159;103;80m▄[38;2;126;92;88m[48;2;191;132;106m▄[38;2;138;79;64m[48;2;196;149;126m▄[38;2;159;77;53m[48;2;207;173;153m▄[38;2;162;96;70m[48;2;218;192;170m▄[38;2;174;123;97m[48;2;215;186;163m▄[38;2;209;177;150m[48;2;213;182;157m▄[38;2;218;192;167m[48;2;217;189;163m▄[38;2;219;193;168m[48;2;220;191;166m▄[38;2;222;196;173m[48;2;221;193;169m▄[38;2;223;197;175m[48;2;222;193;170m▄[38;2;224;199;179m[48;2;222;195;174m▄[38;2;224;199;181m[48;2;223;197;177m▄[38;2;222;197;179m[48;2;221;195;177m▄[38;2;217;192;174m[48;2;218;192;173m▄[38;2;214;187;168m[48;2;214;188;169m▄[38;2;221;197;177m[48;2;219;195;176m▄[38;2;221;196;172m[48;2;208;177;153m▄[38;2;186;149;121m[48;2;148;98;67m▄[38;2;183;145;118m[48;2;127;72;47m▄[38;2;140;97;75m[48;2;100;56;40m▄[38;2;28;10;7m[48;2;17;4;4m▄[38;2;11;4;4m[48;2;19;10;10m▄[38;2;20;12;13m[48;2;13;6;7m▄[38;2;29;19;20m[48;2;13;6;6m▄[38;2;15;7;7m[48;2;16;7;7m▄[38;2;14;6;6m[48;2;19;10;10m▄[38;2;10;4;4m[48;2;10;4;4m▄[38;2;10;4;4m[48;2;7;2;2m▄[38;2;13;4;4m[48;2;4;0;0m▄[38;2;14;6;6m[48;2;12;6;6m▄[38;2;21;13;13m[48;2;22;14;14m▄[38;2;30;23;23m[48;2;26;19;19m▄[38;2;17;8;8m[48;2;28;19;19m▄[38;2;21;9;8m[48;2;24;14;14m▄[38;2;20;8;7m[48;2;11;4;4m▄[38;2;27;14;13m[48;2;16;7;7m▄[38;2;27;13;12m[48;2;20;8;8m▄[38;2;74;53;48m[48;2;55;36;32m▄[0m         [0m
[0m         [38;2;172;163;159m[48;2;108;70;56m▄[38;2;134;133;134m[48;2;153;114;99m▄[38;2;83;77;75m[48;2;166;151;145m▄[38;2;88;53;38m[48;2;109;109;110m▄[38;2;131;78;56m[48;2;117;73;61m▄[38;2;166;119;94m[48;2;184;102;74m▄[38;2;177;140;116m[48;2;205;141;111m▄[38;2;204;178;156m[48;2;215;173;147m▄[38;2;218;194;173m[48;2;224;201;180m▄[38;2;220;197;174m[48;2;220;197;174m▄[38;2;221;198;173m[48;2;220;195;171m▄[38;2;222;199;175m[48;2;222;198;173m▄[38;2;221;197;174m[48;2;222;197;172m▄[38;2;220;195;173m[48;2;222;196;172m▄[38;2;218;193;174m[48;2;222;197;176m▄[38;2;217;192;174m[48;2;222;198;180m▄[38;2;212;186;166m[48;2;219;194;176m▄[38;2;211;184;163m[48;2;214;188;168m▄[38;2;225;203;182m[48;2;213;187;166m▄[38;2;238;219;198m[48;2;231;209;187m▄[38;2;216;193;170m[48;2;217;195;173m▄[38;2;180;158;140m[48;2;169;156;149m▄[38;2;196;174;153m[48;2;177;159;147m▄[38;2;184;152;129m[48;2;160;120;94m▄[38;2;104;74;54m[48;2;56;29;21m▄[38;2;18;6;6m[48;2;10;1;2m▄[38;2;14;7;8m[48;2;17;9;9m▄[38;2;17;9;10m[48;2;26;17;17m▄[38;2;17;9;10m[48;2;32;21;21m▄[38;2;9;3;3m[48;2;18;9;9m▄[38;2;11;4;4m[48;2;13;5;5m▄[38;2;12;3;2m[48;2;14;5;5m▄[38;2;25;11;9m[48;2;15;3;3m▄[38;2;84;61;53m[48;2;49;31;26m▄[38;2;103;75;65m[48;2;39;22;20m▄[38;2;74;49;43m[48;2;12;2;2m▄[38;2;59;36;32m[48;2;26;13;11m▄[38;2;58;35;31m[48;2;26;12;10m▄[38;2;54;34;30m[48;2;29;14;12m▄[38;2;73;50;46m[48;2;25;10;9m▄[38;2;106;83;73m[48;2;47;29;27m▄[0m[38;2;108;83;73m▀[0m         [0m
[0m    [0m[38;2;107;88;72m▄[0m[38;2;151;136;123m▄[38;2;150;145;141m[48;2;171;157;145m▄[38;2;101;100;101m[48;2;166;159;153m▄[38;2;51;50;50m[48;2;154;149;148m▄[0m[38;2;91;90;91m▀[0m[38;2;40;38;38m▀[0m[38;2;96;61;46m▀[38;2;120;80;63m[48;2;130;87;66m▄[38;2;188;149;124m[48;2;173;138;113m▄[38;2;218;190;165m[48;2;206;177;153m▄[38;2;224;200;179m[48;2;216;191;169m▄[38;2;224;200;179m[48;2;215;190;168m▄[38;2;209;180;157m[48;2;213;188;164m▄[38;2;203;173;149m[48;2;213;188;161m▄[38;2;208;181;159m[48;2;216;192;166m▄[38;2;212;186;166m[48;2;218;195;173m▄[38;2;211;184;164m[48;2;217;192;172m▄[38;2;207;178;158m[48;2;216;191;172m▄[38;2;198;166;144m[48;2;214;188;170m▄[38;2;192;159;135m[48;2;208;180;160m▄[38;2;212;187;164m[48;2;203;174;152m▄[38;2;233;214;194m[48;2;219;196;175m▄[38;2;235;217;197m[48;2;234;215;195m▄[38;2;235;217;197m[48;2;239;222;202m▄[38;2;229;210;189m[48;2;213;188;165m▄[38;2;217;195;175m[48;2;164;130;103m▄[38;2;186;168;161m[48;2;176;146;124m▄[38;2;119;85;15m[48;2;163;138;109m▄[38;2;120;86;18m[48;2;122;88;22m▄[38;2;130;95;22m[48;2;105;72;7m▄[38;2;106;83;70m[48;2;6;0;0m▄[38;2;39;27;22m[48;2;9;2;3m▄[38;2;19;10;10m[48;2;19;11;11m▄[38;2;20;12;12m[48;2;15;8;8m▄[38;2;19;10;10m[48;2;11;3;4m▄[38;2;21;13;13m[48;2;17;7;7m▄[38;2;24;13;13m[48;2;69;50;44m▄[0m[38;2;41;25;23m▄[0m[38;2;77;56;51m▄[0m [0m[38;2;105;80;70m▀[0m[38;2;110;86;76m▀[0m             [0m
[0m  [38;2;156;120;95m[48;2;54;48;45m▄[38;2;75;61;51m[48;2;31;26;23m▄[38;2;2;0;0m[48;2;44;31;20m▄[38;2;17;14;9m[48;2;75;66;56m▄[38;2;30;26;25m[48;2;70;69;68m▄[0m[38;2;34;33;33m▀[0m    [0m[38;2;108;78;64m▀[0m[38;2;141;97;77m▀[38;2;115;76;59m[48;2;178;134;109m▄[38;2;129;88;68m[48;2;200;160;133m▄[38;2;131;85;62m[48;2;203;165;137m▄[38;2;143;95;68m[48;2;195;155;127m▄[38;2;157;111;84m[48;2;202;167;141m▄[38;2;152;106;79m[48;2;207;174;150m▄[38;2;147;98;70m[48;2;201;167;142m▄[38;2;151;104;74m[48;2;188;149;124m▄[38;2;178;141;113m[48;2;177;135;106m▄[38;2;206;180;157m[48;2;182;146;118m▄[38;2;223;202;182m[48;2;206;181;157m▄[38;2;230;212;192m[48;2;229;209;189m▄[38;2;231;212;193m[48;2;233;215;195m▄[38;2;229;210;189m[48;2;233;215;195m▄[38;2;242;224;207m[48;2;230;211;190m▄[38;2;193;173;151m[48;2;233;216;199m▄[38;2;125;96;31m[48;2;198;178;144m▄[38;2;131;100;35m[48;2;151;121;57m▄[38;2;125;93;29m[48;2;130;94;8m▄[38;2;182;158;148m[48;2;129;96;40m▄[38;2;197;170;146m[48;2;157;129;107m▄[38;2;167;128;100m[48;2;198;167;141m▄[38;2;86;53;39m[48;2;83;59;47m▄[38;2;19;5;5m[48;2;5;0;0m▄[38;2;21;10;10m[48;2;21;12;11m▄[38;2;15;6;6m[48;2;25;15;16m▄[38;2;23;13;13m[48;2;19;11;12m▄[38;2;24;14;14m[48;2;14;6;7m▄[38;2;14;7;7m[48;2;21;11;11m▄[38;2;15;7;7m[48;2;40;23;22m▄[38;2;50;34;32m[48;2;79;59;52m▄[0m               [0m
[0m  [0m[38;2;83;49;32m▀[0m[38;2;95;66;47m▀[0m[38;2;14;11;9m▀[0m           [0m[38;2;111;80;64m▀[38;2;96;62;49m[48;2;92;53;37m▄[38;2;103;63;43m[48;2;89;45;28m▄[38;2;136;91;62m[48;2;112;65;42m▄[38;2;169;124;88m[48;2;143;97;67m▄[38;2;193;156;124m[48;2;180;143;112m▄[38;2;207;178;152m[48;2;206;179;155m▄[38;2;220;196;174m[48;2;220;198;177m▄[38;2;227;206;187m[48;2;226;206;186m▄[38;2;228;208;187m[48;2;229;210;190m▄[38;2;231;211;192m[48;2;231;212;192m▄[38;2;185;162;130m[48;2;237;220;204m▄[38;2;132;103;41m[48;2;210;192;169m▄[38;2;136;94;5m[48;2;148;123;69m▄[38;2;139;111;59m[48;2;136;98;8m▄[38;2;190;170;159m[48;2;141;111;45m▄[38;2;195;168;145m[48;2;182;155;125m▄[38;2;207;180;156m[48;2;190;158;131m▄[38;2;210;182;157m[48;2;179;144;117m▄[38;2;203;167;137m[48;2;170;123;90m▄[38;2;188;143;109m[48;2;149;100;70m▄[38;2;159;111;82m[48;2;74;42;31m▄[38;2;79;45;34m[48;2;22;7;6m▄[38;2;33;14;12m[48;2;33;19;18m▄[38;2;24;12;11m[48;2;26;14;14m▄[38;2;10;4;4m[48;2;15;7;8m▄[38;2;12;4;4m[48;2;10;4;5m▄[38;2;32;18;17m[48;2;4;0;0m▄[38;2;70;51;47m[48;2;59;42;39m▄[0m[38;2;107;85;76m▀[0m              [0m
[0m                 [38;2;117;87;71m[48;2;99;67;52m▄[38;2;103;62;42m[48;2;105;64;44m▄[38;2;131;86;55m[48;2;139;92;63m▄[38;2;168;126;92m[48;2;170;124;88m▄[38;2;183;144;113m[48;2;192;154;121m▄[38;2;207;178;153m[48;2;204;172;144m▄[38;2;206;179;154m[48;2;214;187;164m▄[38;2;214;189;167m[48;2;222;200;178m▄[38;2;167;143;106m[48;2;214;190;169m▄[38;2;125;92;23m[48;2;178;153;135m▄[38;2;133;94;2m[48;2;119;87;16m▄[38;2;146;121;78m[48;2;138;103;27m▄[38;2;212;194;172m[48;2;137;107;40m▄[38;2;234;218;203m[48;2;197;176;151m▄[38;2;229;211;192m[48;2;223;203;184m▄[38;2;227;207;189m[48;2;221;201;181m▄[38;2;224;203;183m[48;2;222;200;180m▄[38;2;220;197;177m[48;2;218;194;174m▄[38;2;215;190;168m[48;2;211;183;160m▄[38;2;212;182;158m[48;2;202;166;138m▄[38;2;208;174;146m[48;2;193;150;118m▄[38;2;199;158;127m[48;2;175;128;96m▄[38;2;124;79;58m[48;2;103;65;48m▄[38;2;129;87;67m[48;2;23;6;5m▄[38;2;59;33;25m[48;2;10;1;1m▄[38;2;31;16;14m[48;2;48;32;30m▄[38;2;30;17;14m[48;2;70;52;47m▄[38;2;27;12;10m[48;2;62;44;37m▄[38;2;37;20;17m[48;2;73;53;47m▄[0m[38;2;60;40;34m▄[0m[38;2;99;77;67m▄[0m            [0m
[0m                 [38;2;60;45;40m[48;2;142;117;99m▄[38;2;114;83;17m[48;2;115;86;64m▄[38;2;114;83;55m[48;2;159;128;104m▄[38;2;121;83;62m[48;2;182;155;131m▄[38;2;160;123;92m[48;2;178;147;123m▄[38;2;182;151;127m[48;2;185;154;128m▄[38;2;162;136;100m[48;2;199;171;151m▄[38;2;134;102;34m[48;2;163;140;122m▄[38;2;129;92;7m[48;2;120;85;5m▄[38;2;146;117;62m[48;2;126;95;34m▄[38;2;214;197;176m[48;2;135;103;35m▄[38;2;234;216;197m[48;2;221;207;198m▄[38;2;229;211;192m[48;2;237;219;200m▄[38;2;230;212;194m[48;2;229;211;192m▄[38;2;229;209;192m[48;2;229;210;192m▄[38;2;225;205;187m[48;2;226;206;187m▄[38;2;223;201;183m[48;2;224;202;183m▄[38;2;220;196;177m[48;2;219;195;175m▄[38;2;217;192;171m[48;2;216;189;167m▄[38;2;213;185;162m[48;2;212;183;159m▄[38;2;210;179;154m[48;2;209;177;150m▄[38;2;210;178;151m[48;2;202;166;137m▄[38;2;191;153;124m[48;2;146;102;78m▄[38;2;133;89;66m[48;2;148;102;77m▄[38;2;154;111;86m[48;2;117;76;58m▄[38;2;113;71;52m[48;2;34;12;7m▄[38;2;68;36;26m[48;2;35;15;11m▄[38;2;57;31;25m[48;2;41;20;16m▄[38;2;41;22;18m[48;2;57;31;25m▄[38;2;25;12;11m[48;2;35;18;16m▄[38;2;61;41;36m[48;2;69;49;43m▄[0m[38;2;125;99;86m▄[0m           [0m
[0m                  [38;2;103;71;3m[48;2;110;75;0m▄[38;2;129;90;6m[48;2;91;58;8m▄[38;2;124;89;21m[48;2;132;92;64m▄[38;2;118;86;32m[48;2;181;147;123m▄[38;2;137;97;6m[48;2;147;122;86m▄[38;2;119;84;13m[48;2;118;85;14m▄[38;2;143;112;53m[48;2;114;79;8m▄[38;2;199;175;149m[48;2;128;98;45m▄[38;2;224;202;181m[48;2;219;204;198m▄[38;2;226;207;187m[48;2;232;213;193m▄[38;2;231;212;193m[48;2;230;213;193m▄[38;2;231;213;194m[48;2;231;213;195m▄[38;2;231;213;195m[48;2;231;212;195m▄[38;2;230;211;194m[48;2;230;211;194m▄[38;2;228;208;189m[48;2;226;207;189m▄[38;2;225;205;186m[48;2;224;203;185m▄[38;2;221;199;180m[48;2;221;198;179m▄[38;2;217;193;173m[48;2;217;194;175m▄[38;2;213;188;168m[48;2;214;188;167m▄[38;2;208;181;159m[48;2;210;181;159m▄[38;2;205;175;153m[48;2;210;180;157m▄[38;2;205;174;149m[48;2;203;170;143m▄[38;2;180;140;113m[48;2;153;106;79m▄[38;2;161;113;85m[48;2;168;122;95m▄[38;2;169;123;94m[48;2;184;140;110m▄[38;2;147;101;76m[48;2;124;80;60m▄[38;2;81;44;32m[48;2;82;48;36m▄[38;2;84;47;34m[48;2;50;26;21m▄[38;2;108;67;50m[48;2;56;31;26m▄[38;2;109;72;57m[48;2;91;66;57m▄[0m            [0m
[0m                  [38;2;92;63;20m[48;2;99;71;14m▄[38;2;99;71;28m[48;2;116;82;4m▄[38;2;96;73;42m[48;2;144;99;0m▄[38;2;123;86;6m[48;2;115;79;0m▄[38;2;159;133;97m[48;2;120;84;9m▄[38;2;219;194;172m[48;2;163;139;121m▄[38;2;218;195;172m[48;2;211;185;163m▄[38;2;224;204;185m[48;2;222;200;180m▄[38;2;230;211;192m[48;2;227;207;188m▄[38;2;232;214;196m[48;2;231;212;193m▄[38;2;232;213;195m[48;2;231;212;194m▄[38;2;231;212;194m[48;2;231;212;193m▄[38;2;231;212;194m[48;2;231;212;194m▄[38;2;230;211;193m[48;2;230;210;192m▄[38;2;228;208;190m[48;2;227;206;187m▄[38;2;225;204;185m[48;2;224;203;183m▄[38;2;223;202;182m[48;2;221;199;180m▄[38;2;221;198;178m[48;2;217;193;173m▄[38;2;216;192;172m[48;2;212;186;165m▄[38;2;212;185;163m[48;2;208;180;158m▄[38;2;209;181;158m[48;2;205;175;152m▄[38;2;208;178;155m[48;2;204;173;148m▄[38;2;208;177;153m[48;2;207;174;148m▄[38;2;211;178;153m[48;2;204;167;139m▄[38;2;212;178;150m[48;2;199;159;130m▄[38;2;195;154;124m[48;2;183;137;107m▄[38;2;165;119;89m[48;2;108;66;47m▄[38;2;115;72;51m[48;2;91;49;33m▄[38;2;115;72;51m[48;2;161;112;83m▄[38;2;134;89;65m[48;2;125;80;60m▄[38;2;164;117;89m[48;2;124;86;67m▄[0m[38;2;152;115;92m▄[0m          [0m
[0m              [0m[38;2;131;92;75m▄[0m[38;2;135;86;62m▄[38;2;152;108;86m[48;2;133;89;63m▄[38;2;149;119;92m[48;2;156;111;88m▄[38;2;128;103;55m[48;2;110;80;42m▄[38;2;202;149;0m[48;2;125;93;37m▄[38;2;152;108;0m[48;2;152;120;65m▄[38;2;123;110;105m[48;2;120;88;25m▄[38;2;229;209;193m[48;2;192;171;148m▄[38;2;224;204;184m[48;2;221;200;180m▄[38;2;229;210;192m[48;2;223;203;184m▄[38;2;229;210;191m[48;2;228;208;190m▄[38;2;229;210;192m[48;2;229;210;192m▄[38;2;230;212;194m[48;2;230;212;194m▄[38;2;229;211;193m[48;2;231;213;195m▄[38;2;229;210;192m[48;2;230;211;193m▄[38;2;229;209;192m[48;2;229;210;192m▄[38;2;229;209;192m[48;2;229;210;193m▄[38;2;228;208;190m[48;2;228;208;190m▄[38;2;226;206;188m[48;2;225;205;187m▄[38;2;222;201;183m[48;2;223;202;183m▄[38;2;219;196;178m[48;2;219;196;177m▄[38;2;214;190;170m[48;2;216;191;171m▄[38;2;211;186;165m[48;2;213;187;166m▄[38;2;210;181;159m[48;2;211;183;161m▄[38;2;211;181;157m[48;2;211;184;161m▄[38;2;211;182;158m[48;2;212;184;162m▄[38;2;212;183;159m[48;2;212;182;158m▄[38;2;215;186;161m[48;2;213;181;155m▄[38;2;213;181;156m[48;2;213;180;153m▄[38;2;211;177;150m[48;2;207;169;140m▄[38;2;205;168;140m[48;2;179;135;106m▄[38;2;177;135;107m[48;2;120;74;51m▄[38;2;149;102;75m[48;2;136;87;62m▄[38;2;153;103;72m[48;2;155;107;78m▄[38;2;176;134;104m[48;2;146;107;85m▄[0m          [0m
[0m           [0m[38;2;130;90;71m▄[38;2;121;74;53m[48;2;142;107;91m▄[38;2;133;88;64m[48;2;124;81;63m▄[38;2;168;128;96m[48;2;123;75;51m▄[38;2;150;126;117m[48;2;156;115;92m▄[38;2;157;112;7m[48;2;132;102;64m▄[38;2;255;211;0m[48;2;199;144;0m▄[38;2;176;126;3m[48;2;246;179;0m▄[38;2;12;7;1m[48;2;238;172;2m▄[38;2;95;65;2m[48;2;253;187;4m▄[38;2;226;171;0m[48;2;193;145;17m▄[38;2;117;85;3m[48;2;167;149;122m▄[38;2;196;183;178m[48;2;234;215;200m▄[38;2;236;216;196m[48;2;229;210;192m▄[38;2;229;211;194m[48;2;230;212;194m▄[38;2;230;212;194m[48;2;230;212;194m▄[38;2;229;211;193m[48;2;230;211;193m▄[38;2;230;212;194m[48;2;230;211;194m▄[38;2;230;211;194m[48;2;230;211;193m▄[38;2;229;210;193m[48;2;229;211;193m▄[38;2;228;209;191m[48;2;229;210;192m▄[38;2;227;208;190m[48;2;228;209;191m▄[38;2;225;206;188m[48;2;226;207;189m▄[38;2;221;201;183m[48;2;224;203;185m▄[38;2;216;193;173m[48;2;219;196;177m▄[38;2;212;187;165m[48;2;213;189;169m▄[38;2;211;184;161m[48;2;211;183;161m▄[38;2;207;175;149m[48;2;208;178;154m▄[38;2;204;170;143m[48;2;208;176;151m▄[38;2;202;168;142m[48;2;207;175;150m▄[38;2;204;172;147m[48;2;209;178;154m▄[38;2;209;180;158m[48;2;213;184;161m▄[38;2;212;184;162m[48;2;214;185;162m▄[38;2;211;182;160m[48;2;211;180;155m▄[38;2;209;179;156m[48;2;207;174;147m▄[38;2;205;172;147m[48;2;207;172;143m▄[38;2;199;162;134m[48;2;203;165;135m▄[38;2;195;159;131m[48;2;193;150;118m▄[38;2;192;170;150m[48;2;185;139;104m▄[38;2;174;155;139m[48;2;185;152;124m▄[0m[38;2;185;166;148m▄[38;2;189;163;138m[48;2;194;173;154m▄[38;2;189;168;148m[48;2;201;185;168m▄[0m[38;2;211;202;191m▄[0m     [0m
[0m        [0m[38;2;150;127;112m▄[0m[38;2;127;91;73m▄[38;2;123;82;61m[48;2;121;82;65m▄[38;2;141;102;76m[48;2;121;77;54m▄[38;2;159;121;93m[48;2;147;105;78m▄[38;2;173;141;113m[48;2;164;126;99m▄[38;2;185;161;140m[48;2;181;151;125m▄[38;2;156;135;114m[48;2;178;155;141m▄[38;2;85;69;44m[48;2;101;74;32m▄[38;2;59;40;1m[48;2;229;164;0m▄[38;2;129;92;1m[48;2;255;197;1m▄[38;2;215;153;0m[48;2;207;153;1m▄[38;2;255;201;2m[48;2;110;83;1m▄[38;2;222;163;2m[48;2;53;40;17m▄[38;2;143;126;92m[48;2;146;133;126m▄[38;2;227;210;199m[48;2;223;205;187m▄[38;2;224;206;188m[48;2;228;210;194m▄[38;2;226;208;192m[48;2;227;209;193m▄[38;2;226;207;191m[48;2;228;209;192m▄[38;2;226;208;192m[48;2;228;209;192m▄[38;2;226;208;192m[48;2;228;209;193m▄[38;2;224;205;189m[48;2;227;208;191m▄[38;2;224;205;189m[48;2;226;207;190m▄[38;2;223;203;188m[48;2;225;206;190m▄[38;2;220;201;185m[48;2;223;204;188m▄[38;2;217;197;181m[48;2;220;200;184m▄[38;2;215;194;177m[48;2;217;196;179m▄[38;2;212;189;172m[48;2;214;191;172m▄[38;2;210;187;168m[48;2;213;188;168m▄[38;2;207;181;161m[48;2;209;182;161m▄[38;2;204;175;152m[48;2;206;175;151m▄[38;2;202;171;146m[48;2;202;168;142m▄[38;2;198;163;138m[48;2;199;163;137m▄[38;2;195;160;135m[48;2;199;164;139m▄[38;2;199;167;144m[48;2;203;174;152m▄[38;2;204;177;156m[48;2;205;176;155m▄[38;2;201;176;157m[48;2;206;177;156m▄[38;2;192;168;149m[48;2;205;176;154m▄[38;2;184;161;140m[48;2;199;168;143m▄[38;2;182;162;142m[48;2;192;163;140m▄[38;2;190;175;156m[48;2;183;161;142m▄[38;2;182;170;155m[48;2;171;156;141m▄[38;2;176;166;152m[48;2;160;148;135m▄[38;2;148;135;121m[48;2;123;106;92m▄[38;2;144;127;112m[48;2;182;165;146m▄[38;2;199;183;167m[48;2;201;186;169m▄[38;2;210;198;185m[48;2;207;196;183m▄[38;2;215;202;189m[48;2;223;214;203m▄[0m[38;2;210;199;188m▄[0m   [0m
[0m      [0m[38;2;189;175;159m▄[38;2;175;159;146m[48;2;180;164;150m▄[38;2;157;143;134m[48;2;151;126;110m▄[38;2;149;134;126m[48;2;144;119;104m▄[38;2;163;147;137m[48;2;149;126;112m▄[38;2;198;186;172m[48;2;167;145;128m▄[38;2;190;179;165m[48;2;183;163;145m▄[38;2;174;162;149m[48;2;194;177;158m▄[38;2;195;182;168m[48;2;191;176;165m▄[38;2;118;108;102m[48;2;84;69;39m▄[38;2;111;71;0m[48;2;244;176;0m▄[38;2;240;179;0m[48;2;216;160;3m▄[38;2;255;188;1m[48;2;20;15;1m▄[38;2;255;188;0m[48;2;37;26;1m▄[38;2;250;187;0m[48;2;232;169;4m▄[38;2;160;110;0m[48;2;255;200;0m▄[38;2;132;117;103m[48;2;127;99;28m▄[38;2;225;212;202m[48;2;211;200;200m▄[38;2;225;215;206m[48;2;230;214;198m▄[38;2;230;219;210m[48;2;225;208;192m▄[38;2;229;217;207m[48;2;224;207;191m▄[38;2;228;213;200m[48;2;221;202;186m▄[38;2;225;208;193m[48;2;222;204;187m▄[38;2;220;202;185m[48;2;223;204;188m▄[38;2;219;200;183m[48;2;222;203;187m▄[38;2;219;200;184m[48;2;222;202;187m▄[38;2;218;198;182m[48;2;219;200;184m▄[38;2;217;197;182m[48;2;217;196;180m▄[38;2;216;196;180m[48;2;215;194;178m▄[38;2;213;192;176m[48;2;212;190;172m▄[38;2;209;188;171m[48;2;209;185;166m▄[38;2;207;183;165m[48;2;205;179;160m▄[38;2;204;177;156m[48;2;200;171;148m▄[38;2;203;179;159m[48;2;198;165;140m▄[38;2;203;181;163m[48;2;195;160;133m▄[38;2;191;170;153m[48;2;193;158;132m▄[38;2;194;177;161m[48;2;198;171;150m▄[38;2;189;173;157m[48;2;197;176;159m▄[38;2;185;170;155m[48;2;179;159;141m▄[38;2;195;180;162m[48;2;170;148;128m▄[38;2;198;180;160m[48;2;197;179;159m▄[38;2;216;204;189m[48;2;197;181;162m▄[38;2;205;193;180m[48;2;205;192;175m▄[38;2;209;200;189m[48;2;202;190;176m▄[38;2;204;195;186m[48;2;186;176;163m▄[38;2;204;194;184m[48;2;212;202;190m▄[0m[38;2;198;186;173m▀[0m [0m[38;2;193;179;165m▀[0m     [0m
[0m         [0m[38;2;159;142;132m▀[0m[38;2;204;192;179m▀[0m[38;2;193;179;166m▀[0m[38;2;189;176;162m▀[0m[38;2;189;177;164m▀[0m[38;2;207;196;184m▀[0m[38;2;199;186;170m▀[38;2;209;194;174m[48;2;125;114;112m▄[38;2;100;88;75m[48;2;77;58;24m▄[38;2;62;45;16m[48;2;232;170;0m▄[38;2;74;66;66m[48;2;148;110;12m▄[38;2;196;180;176m[48;2;118;95;52m▄[38;2;226;208;189m[48;2;152;139;129m▄[38;2;206;190;173m[48;2;220;204;191m▄[38;2;208;193;177m[48;2;219;202;187m▄[38;2;206;189;175m[48;2;219;204;191m▄[38;2;210;194;179m[48;2;219;204;191m▄[38;2;212;198;185m[48;2;220;206;195m▄[38;2;212;198;185m[48;2;228;215;204m▄[38;2;210;195;182m[48;2;235;221;209m▄[38;2;210;195;180m[48;2;229;213;199m▄[38;2;213;197;184m[48;2;227;210;196m▄[38;2;214;199;185m[48;2;229;212;198m▄[38;2;211;196;183m[48;2;230;214;199m▄[38;2;213;197;183m[48;2;230;213;199m▄[38;2;213;197;184m[48;2;228;212;198m▄[38;2;213;198;185m[48;2;226;210;197m▄[38;2;213;199;186m[48;2;225;209;196m▄[38;2;208;195;182m[48;2;220;204;191m▄[38;2;204;190;178m[48;2;213;196;183m▄[38;2;205;190;178m[48;2;210;195;182m▄[38;2;210;197;185m[48;2;215;201;189m▄[38;2;209;196;186m[48;2;221;209;198m▄[38;2;204;190;179m[48;2;215;201;188m▄[0m[38;2;219;208;196m▀[0m[38;2;203;193;183m▀[0m[38;2;189;177;165m▀[0m[38;2;182;166;151m▀[0m[38;2;197;185;172m▀[0m [0m[38;2;194;183;172m▀[0m          [0m
